9.990000e-01 0
9.980000e-01 1.000486e-03
9.970000e-01 2.000967e-03
9.960000e-01 3.001444e-03
9.950000e-01 4.001916e-03
9.940000e-01 5.002383e-03
9.930000e-01 6.002845e-03
9.920000e-01 7.003302e-03
9.910000e-01 8.003755e-03
9.900000e-01 9.004202e-03
9.890000e-01 1.000464e-02
9.880000e-01 1.100508e-02
9.870000e-01 1.200551e-02
9.860000e-01 1.300594e-02
9.850000e-01 1.400636e-02
9.840000e-01 1.500678e-02
9.830000e-01 1.600719e-02
9.820000e-01 1.700760e-02
9.810000e-01 1.800800e-02
9.800000e-01 1.900839e-02
9.790000e-01 2.000878e-02
9.780000e-01 2.100917e-02
9.770000e-01 2.200954e-02
9.760000e-01 2.300992e-02
9.750000e-01 2.401028e-02
9.740000e-01 2.501064e-02
9.730000e-01 2.601100e-02
9.720000e-01 2.701135e-02
9.710000e-01 2.801169e-02
9.700000e-01 2.901203e-02
9.690000e-01 3.001236e-02
9.680000e-01 3.101268e-02
9.670000e-01 3.201300e-02
9.660000e-01 3.301331e-02
9.650000e-01 3.401362e-02
9.640000e-01 3.501392e-02
9.630000e-01 3.601421e-02
9.620000e-01 3.701450e-02
9.610000e-01 3.801478e-02
9.600000e-01 3.901505e-02
9.590000e-01 4.001532e-02
9.580000e-01 4.101558e-02
9.570000e-01 4.201583e-02
9.560000e-01 4.301607e-02
9.550000e-01 4.401631e-02
9.540000e-01 4.501654e-02
9.530000e-01 4.601677e-02
9.520000e-01 4.701698e-02
9.510000e-01 4.801719e-02
9.500000e-01 4.901740e-02
9.490000e-01 5.001759e-02
9.480000e-01 5.101778e-02
9.470000e-01 5.201796e-02
9.460000e-01 5.301813e-02
9.450000e-01 5.401829e-02
9.440000e-01 5.501845e-02
9.430000e-01 5.601860e-02
9.420000e-01 5.701874e-02
9.410000e-01 5.801887e-02
9.400000e-01 5.901899e-02
9.390000e-01 6.001911e-02
9.380000e-01 6.101921e-02
9.370000e-01 6.201931e-02
9.360000e-01 6.301940e-02
9.350000e-01 6.401948e-02
9.340000e-01 6.501956e-02
9.330000e-01 6.601962e-02
9.320000e-01 6.701968e-02
9.310000e-01 6.801972e-02
9.300000e-01 6.901976e-02
9.290000e-01 7.001979e-02
9.280000e-01 7.101981e-02
9.270000e-01 7.201981e-02
9.260000e-01 7.301981e-02
9.250000e-01 7.401981e-02
9.240000e-01 7.501979e-02
9.230000e-01 7.601976e-02
9.220000e-01 7.701972e-02
9.210000e-01 7.801967e-02
9.200000e-01 7.901961e-02
9.190000e-01 8.001954e-02
9.180000e-01 8.101946e-02
9.170000e-01 8.201937e-02
9.160000e-01 8.301927e-02
9.150000e-01 8.401916e-02
9.140000e-01 8.501904e-02
9.130000e-01 8.601891e-02
9.120000e-01 8.701877e-02
9.110000e-01 8.801862e-02
9.100000e-01 8.901845e-02
9.090000e-01 9.001828e-02
9.080000e-01 9.101809e-02
9.070000e-01 9.201789e-02
9.060000e-01 9.301768e-02
9.050000e-01 9.401746e-02
9.040000e-01 9.501723e-02
9.030000e-01 9.601698e-02
9.020000e-01 9.701673e-02
9.010000e-01 9.801646e-02
9.000000e-01 9.901618e-02
8.990000e-01 1.000159e-01
8.980000e-01 1.010156e-01
8.970000e-01 1.020153e-01
8.960000e-01 1.030149e-01
8.950000e-01 1.040146e-01
8.940000e-01 1.050142e-01
8.930000e-01 1.060139e-01
8.920000e-01 1.070135e-01
8.910000e-01 1.080131e-01
8.900000e-01 1.090127e-01
8.890000e-01 1.100122e-01
8.880000e-01 1.110118e-01
8.870000e-01 1.120114e-01
8.860000e-01 1.130109e-01
8.850000e-01 1.140104e-01
8.840000e-01 1.150099e-01
8.830000e-01 1.160094e-01
8.820000e-01 1.170089e-01
8.810000e-01 1.180083e-01
8.800000e-01 1.190078e-01
8.790000e-01 1.200072e-01
8.780000e-01 1.210066e-01
8.770000e-01 1.220060e-01
8.760000e-01 1.230054e-01
8.750000e-01 1.240048e-01
8.740000e-01 1.250041e-01
8.730000e-01 1.260035e-01
8.720000e-01 1.270028e-01
8.710000e-01 1.280021e-01
8.700000e-01 1.290014e-01
8.690000e-01 1.300007e-01
8.680000e-01 1.309999e-01
8.670000e-01 1.319992e-01
8.660000e-01 1.329984e-01
8.650000e-01 1.339976e-01
8.640000e-01 1.349968e-01
8.630000e-01 1.359960e-01
8.620000e-01 1.369951e-01
8.610000e-01 1.379942e-01
8.600000e-01 1.389934e-01
8.590000e-01 1.399924e-01
8.580000e-01 1.409915e-01
8.570000e-01 1.419906e-01
8.560000e-01 1.429896e-01
8.550000e-01 1.439886e-01
8.540000e-01 1.449876e-01
8.530000e-01 1.459866e-01
8.520000e-01 1.469856e-01
8.510000e-01 1.479845e-01
8.500000e-01 1.489835e-01
8.490000e-01 1.499824e-01
8.480000e-01 1.509812e-01
8.470000e-01 1.519801e-01
8.460000e-01 1.529789e-01
8.450000e-01 1.539778e-01
8.440000e-01 1.549766e-01
8.430000e-01 1.559753e-01
8.420000e-01 1.569741e-01
8.410000e-01 1.579728e-01
8.400000e-01 1.589715e-01
8.390000e-01 1.599702e-01
8.380000e-01 1.609689e-01
8.370000e-01 1.619675e-01
8.360000e-01 1.629661e-01
8.350000e-01 1.639647e-01
8.340000e-01 1.649633e-01
8.330000e-01 1.659618e-01
8.320000e-01 1.669604e-01
8.310000e-01 1.679589e-01
8.300000e-01 1.689573e-01
8.290000e-01 1.699558e-01
8.280000e-01 1.709542e-01
8.270000e-01 1.719526e-01
8.260000e-01 1.729510e-01
8.250000e-01 1.739493e-01
8.240000e-01 1.749477e-01
8.230000e-01 1.759460e-01
8.220000e-01 1.769442e-01
8.210000e-01 1.779425e-01
8.200000e-01 1.789407e-01
8.190000e-01 1.799389e-01
8.180000e-01 1.809370e-01
8.170000e-01 1.819352e-01
8.160000e-01 1.829333e-01
8.150000e-01 1.839313e-01
8.140000e-01 1.849294e-01
8.130000e-01 1.859274e-01
8.120000e-01 1.869254e-01
8.110000e-01 1.879233e-01
8.100000e-01 1.889213e-01
8.090000e-01 1.899192e-01
8.080000e-01 1.909170e-01
8.070000e-01 1.919149e-01
8.060000e-01 1.929127e-01
8.050000e-01 1.939104e-01
8.040000e-01 1.949082e-01
8.030000e-01 1.959059e-01
8.020000e-01 1.969035e-01
8.010000e-01 1.979012e-01
8.000000e-01 1.988988e-01
7.990000e-01 1.998964e-01
7.980000e-01 2.008939e-01
7.970000e-01 2.018914e-01
7.960000e-01 2.028889e-01
7.950000e-01 2.038863e-01
7.940000e-01 2.048837e-01
7.930000e-01 2.058811e-01
7.920000e-01 2.068784e-01
7.910000e-01 2.078757e-01
7.900000e-01 2.088730e-01
7.890000e-01 2.098702e-01
7.880000e-01 2.108674e-01
7.870000e-01 2.118645e-01
7.860000e-01 2.128616e-01
7.850000e-01 2.138587e-01
7.840000e-01 2.148557e-01
7.830000e-01 2.158527e-01
7.820000e-01 2.168497e-01
7.810000e-01 2.178466e-01
7.800000e-01 2.188435e-01
7.790000e-01 2.198403e-01
7.780000e-01 2.208371e-01
7.770000e-01 2.218338e-01
7.760000e-01 2.228305e-01
7.750000e-01 2.238272e-01
7.740000e-01 2.248238e-01
7.730000e-01 2.258204e-01
7.720000e-01 2.268169e-01
7.710000e-01 2.278134e-01
7.700000e-01 2.288098e-01
7.690000e-01 2.298062e-01
7.680000e-01 2.308026e-01
7.670000e-01 2.317989e-01
7.660000e-01 2.327951e-01
7.650000e-01 2.337914e-01
7.640000e-01 2.347875e-01
7.630000e-01 2.357836e-01
7.620000e-01 2.367797e-01
7.610000e-01 2.377757e-01
7.600000e-01 2.387717e-01
7.590000e-01 2.397676e-01
7.580000e-01 2.407635e-01
7.570000e-01 2.417593e-01
7.560000e-01 2.427550e-01
7.550000e-01 2.437508e-01
7.540000e-01 2.447464e-01
7.530000e-01 2.457420e-01
7.520000e-01 2.467376e-01
7.510000e-01 2.477331e-01
7.500000e-01 2.487285e-01
7.490000e-01 2.497239e-01
7.480000e-01 2.507192e-01
7.470000e-01 2.517145e-01
7.460000e-01 2.527097e-01
7.450000e-01 2.537049e-01
7.440000e-01 2.547000e-01
7.430000e-01 2.556950e-01
7.420000e-01 2.566900e-01
7.410000e-01 2.576850e-01
7.400000e-01 2.586798e-01
7.390000e-01 2.596746e-01
7.380000e-01 2.606694e-01
7.370000e-01 2.616640e-01
7.360000e-01 2.626587e-01
7.350000e-01 2.636532e-01
7.340000e-01 2.646477e-01
7.330000e-01 2.656421e-01
7.320000e-01 2.666365e-01
7.310000e-01 2.676308e-01
7.300000e-01 2.686250e-01
7.290000e-01 2.696192e-01
7.280000e-01 2.706132e-01
7.270000e-01 2.716073e-01
7.260000e-01 2.726012e-01
7.250000e-01 2.735951e-01
7.240000e-01 2.745889e-01
7.230000e-01 2.755826e-01
7.220000e-01 2.765763e-01
7.210000e-01 2.775699e-01
7.200000e-01 2.785634e-01
7.190000e-01 2.795569e-01
7.180000e-01 2.805502e-01
7.170000e-01 2.815435e-01
7.160000e-01 2.825367e-01
7.150000e-01 2.835299e-01
7.140000e-01 2.845229e-01
7.130000e-01 2.855159e-01
7.120000e-01 2.865088e-01
7.110000e-01 2.875016e-01
7.100000e-01 2.884944e-01
7.090000e-01 2.894870e-01
7.080000e-01 2.904796e-01
7.070000e-01 2.914721e-01
7.060000e-01 2.924645e-01
7.050000e-01 2.934568e-01
7.040000e-01 2.944490e-01
7.030000e-01 2.954412e-01
7.020000e-01 2.964332e-01
7.010000e-01 2.974252e-01
7.000000e-01 2.984171e-01
6.990000e-01 2.994088e-01
6.980000e-01 3.004005e-01
6.970000e-01 3.013921e-01
6.960000e-01 3.023836e-01
6.950000e-01 3.033750e-01
6.940000e-01 3.043664e-01
6.930000e-01 3.053576e-01
6.920000e-01 3.063487e-01
6.910000e-01 3.073397e-01
6.900000e-01 3.083306e-01
6.890000e-01 3.093214e-01
6.880000e-01 3.103122e-01
6.870000e-01 3.113028e-01
6.860000e-01 3.122933e-01
6.850000e-01 3.132837e-01
6.840000e-01 3.142740e-01
6.830000e-01 3.152642e-01
6.820000e-01 3.162543e-01
6.810000e-01 3.172442e-01
6.800000e-01 3.182341e-01
6.790000e-01 3.192239e-01
6.780000e-01 3.202135e-01
6.770000e-01 3.212030e-01
6.760000e-01 3.221924e-01
6.750000e-01 3.231817e-01
6.740000e-01 3.241709e-01
6.730000e-01 3.251600e-01
6.720000e-01 3.261489e-01
6.710000e-01 3.271377e-01
6.700000e-01 3.281264e-01
6.690000e-01 3.291150e-01
6.680000e-01 3.301035e-01
6.670000e-01 3.310918e-01
6.660000e-01 3.320800e-01
6.650000e-01 3.330681e-01
6.640000e-01 3.340560e-01
6.630000e-01 3.350438e-01
6.620000e-01 3.360315e-01
6.610000e-01 3.370190e-01
6.600000e-01 3.380064e-01
6.590000e-01 3.389937e-01
6.580000e-01 3.399809e-01
6.570000e-01 3.409679e-01
6.560000e-01 3.419547e-01
6.550000e-01 3.429414e-01
6.540000e-01 3.439280e-01
6.530000e-01 3.449144e-01
6.520000e-01 3.459007e-01
6.510000e-01 3.468869e-01
6.500000e-01 3.478728e-01
6.490000e-01 3.488587e-01
6.480000e-01 3.498444e-01
6.470000e-01 3.508299e-01
6.460000e-01 3.518153e-01
6.450000e-01 3.528005e-01
6.440000e-01 3.537856e-01
6.430000e-01 3.547705e-01
6.420000e-01 3.557552e-01
6.410000e-01 3.567398e-01
6.400000e-01 3.577242e-01
6.390000e-01 3.587084e-01
6.380000e-01 3.596925e-01
6.370000e-01 3.606764e-01
6.360000e-01 3.616602e-01
6.350000e-01 3.626437e-01
6.340000e-01 3.636271e-01
6.330000e-01 3.646104e-01
6.320000e-01 3.655934e-01
6.310000e-01 3.665762e-01
6.300000e-01 3.675589e-01
6.290000e-01 3.685414e-01
6.280000e-01 3.695237e-01
6.270000e-01 3.705058e-01
6.260000e-01 3.714878e-01
6.250000e-01 3.724695e-01
6.240000e-01 3.734511e-01
6.230000e-01 3.744324e-01
6.220000e-01 3.754136e-01
6.210000e-01 3.763945e-01
6.200000e-01 3.773753e-01
6.190000e-01 3.783558e-01
6.180000e-01 3.793362e-01
6.170000e-01 3.803163e-01
6.160000e-01 3.812962e-01
6.150000e-01 3.822759e-01
6.140000e-01 3.832555e-01
6.130000e-01 3.842347e-01
6.120000e-01 3.852138e-01
6.110000e-01 3.861927e-01
6.100000e-01 3.871713e-01
6.090000e-01 3.881497e-01
6.080000e-01 3.891279e-01
6.070000e-01 3.901058e-01
6.060000e-01 3.910836e-01
6.050000e-01 3.920610e-01
6.040000e-01 3.930383e-01
6.030000e-01 3.940153e-01
6.020000e-01 3.949921e-01
6.010000e-01 3.959686e-01
6.000000e-01 3.969449e-01
5.990000e-01 3.979209e-01
5.980000e-01 3.988967e-01
5.970000e-01 3.998722e-01
5.960000e-01 4.008475e-01
5.950000e-01 4.018225e-01
5.940000e-01 4.027973e-01
5.930000e-01 4.037718e-01
5.920000e-01 4.047460e-01
5.910000e-01 4.057200e-01
5.900000e-01 4.066937e-01
5.890000e-01 4.076671e-01
5.880000e-01 4.086402e-01
5.870000e-01 4.096131e-01
5.860000e-01 4.105856e-01
5.850000e-01 4.115579e-01
5.840000e-01 4.125299e-01
5.830000e-01 4.135017e-01
5.820000e-01 4.144731e-01
5.810000e-01 4.154442e-01
5.800000e-01 4.164150e-01
5.790000e-01 4.173855e-01
5.780000e-01 4.183558e-01
5.770000e-01 4.193257e-01
5.760000e-01 4.202952e-01
5.750000e-01 4.212645e-01
5.740000e-01 4.222335e-01
5.730000e-01 4.232021e-01
5.720000e-01 4.241704e-01
5.710000e-01 4.251384e-01
5.700000e-01 4.261061e-01
5.690000e-01 4.270734e-01
5.680000e-01 4.280404e-01
5.670000e-01 4.290070e-01
5.660000e-01 4.299733e-01
5.650000e-01 4.309393e-01
5.640000e-01 4.319049e-01
5.630000e-01 4.328701e-01
5.620000e-01 4.338350e-01
5.610000e-01 4.347995e-01
5.600000e-01 4.357636e-01
5.590000e-01 4.367274e-01
5.580000e-01 4.376908e-01
5.570000e-01 4.386539e-01
5.560000e-01 4.396165e-01
5.550000e-01 4.405788e-01
5.540000e-01 4.415407e-01
5.530000e-01 4.425022e-01
5.520000e-01 4.434632e-01
5.510000e-01 4.444239e-01
5.500000e-01 4.453842e-01
5.490000e-01 4.463441e-01
5.480000e-01 4.473035e-01
5.470000e-01 4.482626e-01
5.460000e-01 4.492212e-01
5.450000e-01 4.501794e-01
5.440000e-01 4.511372e-01
5.430000e-01 4.520945e-01
5.420000e-01 4.530514e-01
5.410000e-01 4.540079e-01
5.400000e-01 4.549639e-01
5.390000e-01 4.559194e-01
5.380000e-01 4.568745e-01
5.370000e-01 4.578292e-01
5.360000e-01 4.587833e-01
5.350000e-01 4.597370e-01
5.340000e-01 4.606903e-01
5.330000e-01 4.616430e-01
5.320000e-01 4.625953e-01
5.310000e-01 4.635471e-01
5.300000e-01 4.644983e-01
5.290000e-01 4.654491e-01
5.280000e-01 4.663994e-01
5.270000e-01 4.673492e-01
5.260000e-01 4.682984e-01
5.250000e-01 4.692471e-01
5.240000e-01 4.701954e-01
5.230000e-01 4.711430e-01
5.220000e-01 4.720902e-01
5.210000e-01 4.730368e-01
5.200000e-01 4.739828e-01
5.190000e-01 4.749283e-01
5.180000e-01 4.758733e-01
5.170000e-01 4.768177e-01
5.160000e-01 4.777615e-01
5.150000e-01 4.787047e-01
5.140000e-01 4.796474e-01
5.130000e-01 4.805895e-01
5.120000e-01 4.815310e-01
5.110000e-01 4.824718e-01
5.100000e-01 4.834121e-01
5.090000e-01 4.843518e-01
5.080000e-01 4.852909e-01
5.070000e-01 4.862293e-01
5.060000e-01 4.871671e-01
5.050000e-01 4.881043e-01
5.040000e-01 4.890408e-01
5.030000e-01 4.899767e-01
5.020000e-01 4.909119e-01
5.010000e-01 4.918465e-01
5.000000e-01 4.927804e-01
4.990000e-01 4.937136e-01
4.980000e-01 4.946462e-01
4.970000e-01 4.955780e-01
4.960000e-01 4.965092e-01
4.950000e-01 4.974397e-01
4.940000e-01 4.983694e-01
4.930000e-01 4.992985e-01
4.920000e-01 5.002268e-01
4.910000e-01 5.011544e-01
4.900000e-01 5.020812e-01
4.890000e-01 5.030073e-01
4.880000e-01 5.039327e-01
4.870000e-01 5.048573e-01
4.860000e-01 5.057811e-01
4.850000e-01 5.067042e-01
4.840000e-01 5.076264e-01
4.830000e-01 5.085479e-01
4.820000e-01 5.094686e-01
4.810000e-01 5.103885e-01
4.800000e-01 5.113075e-01
4.790000e-01 5.122258e-01
4.780000e-01 5.131432e-01
4.770000e-01 5.140598e-01
4.760000e-01 5.149755e-01
4.750000e-01 5.158903e-01
4.740000e-01 5.168043e-01
4.730000e-01 5.177175e-01
4.720000e-01 5.186297e-01
4.710000e-01 5.195410e-01
4.700000e-01 5.204515e-01
4.690000e-01 5.213610e-01
4.680000e-01 5.222696e-01
4.670000e-01 5.231773e-01
4.660000e-01 5.240841e-01
4.650000e-01 5.249899e-01
4.640000e-01 5.258948e-01
4.630000e-01 5.267986e-01
4.620000e-01 5.277016e-01
4.610000e-01 5.286035e-01
4.600000e-01 5.295044e-01
4.590000e-01 5.304043e-01
4.580000e-01 5.313032e-01
4.570000e-01 5.322011e-01
4.560000e-01 5.330980e-01
4.550000e-01 5.339938e-01
4.540000e-01 5.348885e-01
4.530000e-01 5.357822e-01
4.520000e-01 5.366748e-01
4.510000e-01 5.375663e-01
4.500000e-01 5.384567e-01
4.490000e-01 5.393460e-01
4.480000e-01 5.402342e-01
4.470000e-01 5.411212e-01
4.460000e-01 5.420071e-01
4.450000e-01 5.428919e-01
4.440000e-01 5.437755e-01
4.430000e-01 5.446579e-01
4.420000e-01 5.455391e-01
4.410000e-01 5.464191e-01
4.400000e-01 5.472979e-01
4.390000e-01 5.481754e-01
4.380000e-01 5.490517e-01
4.370000e-01 5.499268e-01
4.360000e-01 5.508006e-01
4.350000e-01 5.516731e-01
4.340000e-01 5.525444e-01
4.330000e-01 5.534143e-01
4.320000e-01 5.542829e-01
4.310000e-01 5.551502e-01
4.300000e-01 5.560161e-01
4.290000e-01 5.568807e-01
4.280000e-01 5.577439e-01
4.270000e-01 5.586057e-01
4.260000e-01 5.594662e-01
4.250000e-01 5.603252e-01
4.240000e-01 5.611828e-01
4.230000e-01 5.620389e-01
4.220000e-01 5.628936e-01
4.210000e-01 5.637468e-01
4.200000e-01 5.645986e-01
4.190000e-01 5.654488e-01
4.180000e-01 5.662975e-01
4.170000e-01 5.671447e-01
4.160000e-01 5.679904e-01
4.150000e-01 5.688345e-01
4.140000e-01 5.696770e-01
4.130000e-01 5.705179e-01
4.120000e-01 5.713572e-01
4.110000e-01 5.721949e-01
4.100000e-01 5.730310e-01
4.090000e-01 5.738653e-01
4.080000e-01 5.746981e-01
4.070000e-01 5.755291e-01
4.060000e-01 5.763584e-01
4.050000e-01 5.771860e-01
4.040000e-01 5.780119e-01
4.030000e-01 5.788359e-01
4.020000e-01 5.796583e-01
4.010000e-01 5.804788e-01
4.000000e-01 5.812975e-01
3.990000e-01 5.821144e-01
3.980000e-01 5.829294e-01
3.970000e-01 5.837425e-01
3.960000e-01 5.845538e-01
3.950000e-01 5.853632e-01
3.940000e-01 5.861706e-01
3.930000e-01 5.869761e-01
3.920000e-01 5.877796e-01
3.910000e-01 5.885812e-01
3.900000e-01 5.893807e-01
3.890000e-01 5.901782e-01
3.880000e-01 5.909737e-01
3.870000e-01 5.917671e-01
3.860000e-01 5.925584e-01
3.850000e-01 5.933476e-01
3.840000e-01 5.941347e-01
3.830000e-01 5.949196e-01
3.820000e-01 5.957024e-01
3.810000e-01 5.964830e-01
3.800000e-01 5.972613e-01
3.790000e-01 5.980374e-01
3.780000e-01 5.988113e-01
3.770000e-01 5.995829e-01
3.760000e-01 6.003521e-01
3.750000e-01 6.011191e-01
3.740000e-01 6.018837e-01
3.730000e-01 6.026459e-01
3.720000e-01 6.034057e-01
3.710000e-01 6.041631e-01
3.700000e-01 6.049180e-01
3.690000e-01 6.056705e-01
3.680000e-01 6.064205e-01
3.670000e-01 6.071679e-01
3.660000e-01 6.079129e-01
3.650000e-01 6.086552e-01
3.640000e-01 6.093949e-01
3.630000e-01 6.101320e-01
3.620000e-01 6.108665e-01
3.610000e-01 6.115983e-01
3.600000e-01 6.123273e-01
3.590000e-01 6.130537e-01
3.580000e-01 6.137773e-01
3.570000e-01 6.144981e-01
3.560000e-01 6.152160e-01
3.550000e-01 6.159312e-01
3.540000e-01 6.166434e-01
3.530000e-01 6.173528e-01
3.520000e-01 6.180592e-01
3.510000e-01 6.187627e-01
3.500000e-01 6.194632e-01
3.490000e-01 6.201606e-01
3.480000e-01 6.208550e-01
3.470000e-01 6.215464e-01
3.460000e-01 6.222346e-01
3.450000e-01 6.229197e-01
3.440000e-01 6.236016e-01
3.430000e-01 6.242803e-01
3.420000e-01 6.249557e-01
3.410000e-01 6.256279e-01
3.400000e-01 6.262968e-01
3.390000e-01 6.269623e-01
3.380000e-01 6.276245e-01
3.370000e-01 6.282833e-01
3.360000e-01 6.289386e-01
3.350000e-01 6.295904e-01
3.340000e-01 6.302388e-01
3.330000e-01 6.308836e-01
3.320000e-01 6.315248e-01
3.310000e-01 6.321624e-01
3.300000e-01 6.327964e-01
3.290000e-01 6.334266e-01
3.280000e-01 6.340532e-01
3.270000e-01 6.346760e-01
3.260000e-01 6.352949e-01
3.250000e-01 6.359101e-01
3.240000e-01 6.365213e-01
3.230000e-01 6.371287e-01
3.220000e-01 6.377321e-01
3.210000e-01 6.383315e-01
3.200000e-01 6.389268e-01
3.190000e-01 6.395181e-01
3.180000e-01 6.401053e-01
3.170000e-01 6.406883e-01
3.160000e-01 6.412671e-01
3.150000e-01 6.418417e-01
3.140000e-01 6.424119e-01
3.130000e-01 6.429779e-01
3.120000e-01 6.435395e-01
3.110000e-01 6.440966e-01
3.100000e-01 6.446493e-01
3.090000e-01 6.451975e-01
3.080000e-01 6.457412e-01
3.070000e-01 6.462802e-01
3.060000e-01 6.468147e-01
3.050000e-01 6.473444e-01
3.040000e-01 6.478694e-01
3.030000e-01 6.483896e-01
3.020000e-01 6.489049e-01
3.010000e-01 6.494154e-01
3.000000e-01 6.499210e-01
2.990000e-01 6.504216e-01
2.980000e-01 6.509171e-01
2.970000e-01 6.514076e-01
2.960000e-01 6.518929e-01
2.950000e-01 6.523731e-01
2.940000e-01 6.528480e-01
2.930000e-01 6.533177e-01
2.920000e-01 6.537820e-01
2.910000e-01 6.542409e-01
2.900000e-01 6.546943e-01
2.890000e-01 6.551423e-01
2.880000e-01 6.555847e-01
2.870000e-01 6.560215e-01
2.860000e-01 6.564526e-01
2.850000e-01 6.568780e-01
2.840000e-01 6.572976e-01
2.830000e-01 6.577114e-01
2.820000e-01 6.581192e-01
2.810000e-01 6.585211e-01
2.800000e-01 6.589170e-01
2.790000e-01 6.593068e-01
2.780000e-01 6.596905e-01
2.770000e-01 6.600679e-01
2.760000e-01 6.604391e-01
2.750000e-01 6.608040e-01
2.740000e-01 6.611624e-01
2.730000e-01 6.615145e-01
2.720000e-01 6.618599e-01
2.710000e-01 6.621988e-01
2.700000e-01 6.625311e-01
2.690000e-01 6.628566e-01
2.680000e-01 6.631754e-01
2.670000e-01 6.634872e-01
2.660000e-01 6.637922e-01
2.650000e-01 6.640902e-01
2.640000e-01 6.643810e-01
2.630000e-01 6.646648e-01
2.620000e-01 6.649414e-01
2.610000e-01 6.652106e-01
2.600000e-01 6.654726e-01
2.590000e-01 6.657270e-01
2.580000e-01 6.659740e-01
2.570000e-01 6.662134e-01
2.560000e-01 6.664452e-01
2.550000e-01 6.666692e-01
2.540000e-01 6.668854e-01
2.530000e-01 6.670938e-01
2.520000e-01 6.672941e-01
2.510000e-01 6.674865e-01
2.500000e-01 6.676707e-01
2.490000e-01 6.678466e-01
2.480000e-01 6.680143e-01
2.470000e-01 6.681737e-01
2.460000e-01 6.683245e-01
2.450000e-01 6.684668e-01
2.440000e-01 6.686005e-01
2.430000e-01 6.687255e-01
2.420000e-01 6.688417e-01
2.410000e-01 6.689490e-01
2.400000e-01 6.690472e-01
2.390000e-01 6.691365e-01
2.380000e-01 6.692165e-01
2.370000e-01 6.692873e-01
2.360000e-01 6.693488e-01
2.350000e-01 6.694008e-01
2.340000e-01 6.694433e-01
2.330000e-01 6.694761e-01
2.320000e-01 6.694993e-01
2.310000e-01 6.695125e-01
2.300000e-01 6.695159e-01
2.290000e-01 6.695092e-01
2.280000e-01 6.694925e-01
2.270000e-01 6.694654e-01
2.260000e-01 6.694281e-01
2.250000e-01 6.693803e-01
2.240000e-01 6.693220e-01
2.230000e-01 6.692530e-01
2.220000e-01 6.691733e-01
2.210000e-01 6.690827e-01
2.200000e-01 6.689811e-01
2.190000e-01 6.688685e-01
2.180000e-01 6.687447e-01
2.170000e-01 6.686096e-01
2.160000e-01 6.684630e-01
2.150000e-01 6.683049e-01
2.140000e-01 6.681352e-01
2.130000e-01 6.679537e-01
2.120000e-01 6.677603e-01
2.110000e-01 6.675549e-01
2.100000e-01 6.673374e-01
2.090000e-01 6.671077e-01
2.080000e-01 6.668656e-01
2.070000e-01 6.666110e-01
2.060000e-01 6.663437e-01
2.050000e-01 6.660638e-01
2.040000e-01 6.657709e-01
2.030000e-01 6.654650e-01
2.020000e-01 6.651461e-01
2.010000e-01 6.648138e-01
2.000000e-01 6.644682e-01
1.990000e-01 6.641090e-01
1.980000e-01 6.637361e-01
1.970000e-01 6.633495e-01
1.960000e-01 6.629489e-01
1.950000e-01 6.625342e-01
1.940000e-01 6.621052e-01
1.930000e-01 6.616620e-01
1.920000e-01 6.612041e-01
1.910000e-01 6.607317e-01
1.900000e-01 6.602444e-01
1.890000e-01 6.597422e-01
1.880000e-01 6.592248e-01
1.870000e-01 6.586922e-01
1.860000e-01 6.581442e-01
1.850000e-01 6.575807e-01
1.840000e-01 6.570014e-01
1.830000e-01 6.564062e-01
1.820000e-01 6.557950e-01
1.810000e-01 6.551675e-01
1.800000e-01 6.545237e-01
1.790000e-01 6.538634e-01
1.780000e-01 6.531864e-01
1.770000e-01 6.524925e-01
1.760000e-01 6.517816e-01
1.750000e-01 6.510535e-01
1.740000e-01 6.503080e-01
1.730000e-01 6.495449e-01
1.720000e-01 6.487642e-01
1.710000e-01 6.479655e-01
1.700000e-01 6.471487e-01
1.690000e-01 6.463137e-01
1.680000e-01 6.454602e-01
1.670000e-01 6.445881e-01
1.660000e-01 6.436971e-01
1.650000e-01 6.427871e-01
1.640000e-01 6.418580e-01
1.630000e-01 6.409094e-01
1.620000e-01 6.399412e-01
1.610000e-01 6.389533e-01
1.600000e-01 6.379453e-01
1.590000e-01 6.369172e-01
1.580000e-01 6.358687e-01
1.570000e-01 6.347996e-01
1.560000e-01 6.337097e-01
1.550000e-01 6.325987e-01
1.540000e-01 6.314666e-01
1.530000e-01 6.303129e-01
1.520000e-01 6.291377e-01
1.510000e-01 6.279406e-01
1.500000e-01 6.267214e-01
1.490000e-01 6.254798e-01
1.480000e-01 6.242158e-01
1.470000e-01 6.229289e-01
1.460000e-01 6.216191e-01
1.450000e-01 6.202861e-01
1.440000e-01 6.189295e-01
1.430000e-01 6.175494e-01
1.420000e-01 6.161452e-01
1.410000e-01 6.147169e-01
1.400000e-01 6.132642e-01
1.390000e-01 6.117868e-01
1.380000e-01 6.102846e-01
1.370000e-01 6.087571e-01
1.360000e-01 6.072043e-01
1.350000e-01 6.056258e-01
1.340000e-01 6.040213e-01
1.330000e-01 6.023907e-01
1.320000e-01 6.007336e-01
1.310000e-01 5.990498e-01
1.300000e-01 5.973391e-01
1.290000e-01 5.956010e-01
1.280000e-01 5.938355e-01
1.270000e-01 5.920421e-01
1.260000e-01 5.902207e-01
1.250000e-01 5.883709e-01
1.240000e-01 5.864925e-01
1.230000e-01 5.845851e-01
1.220000e-01 5.826485e-01
1.210000e-01 5.806823e-01
1.200000e-01 5.786864e-01
1.190000e-01 5.766603e-01
1.180000e-01 5.746038e-01
1.170000e-01 5.725165e-01
1.160000e-01 5.703983e-01
1.150000e-01 5.682487e-01
1.140000e-01 5.660674e-01
1.130000e-01 5.638541e-01
1.120000e-01 5.616086e-01
1.110000e-01 5.593304e-01
1.100000e-01 5.570192e-01
1.090000e-01 5.546748e-01
1.080000e-01 5.522967e-01
1.070000e-01 5.498847e-01
1.060000e-01 5.474384e-01
1.050000e-01 5.449574e-01
1.040000e-01 5.424415e-01
1.030000e-01 5.398902e-01
1.020000e-01 5.373032e-01
1.010000e-01 5.346801e-01
1.000000e-01 5.320206e-01
9.900000e-02 5.293243e-01
9.800000e-02 5.265909e-01
9.700000e-02 5.238200e-01
9.600000e-02 5.210111e-01
9.500000e-02 5.181639e-01
9.400000e-02 5.152781e-01
9.300000e-02 5.123532e-01
9.200000e-02 5.093888e-01
9.100000e-02 5.063846e-01
9.000000e-02 5.033402e-01
8.900000e-02 5.002551e-01
8.800000e-02 4.971289e-01
8.700000e-02 4.939612e-01
8.600000e-02 4.907517e-01
8.500000e-02 4.874998e-01
8.400000e-02 4.842052e-01
8.300000e-02 4.808674e-01
8.200000e-02 4.774860e-01
8.100000e-02 4.740606e-01
8.000000e-02 4.705907e-01
7.900000e-02 4.670759e-01
7.800000e-02 4.635156e-01
7.700000e-02 4.599096e-01
7.600000e-02 4.562572e-01
7.500000e-02 4.525580e-01
7.400000e-02 4.488117e-01
7.300000e-02 4.450176e-01
7.200000e-02 4.411753e-01
7.100000e-02 4.372843e-01
7.000000e-02 4.333442e-01
6.900000e-02 4.293545e-01
6.800000e-02 4.253145e-01
6.700000e-02 4.212239e-01
6.600000e-02 4.170822e-01
6.500000e-02 4.128887e-01
6.400000e-02 4.086430e-01
6.300000e-02 4.043447e-01
6.200000e-02 3.999930e-01
6.100000e-02 3.955876e-01
6.000000e-02 3.911278e-01
5.900000e-02 3.866131e-01
5.800000e-02 3.820431e-01
5.700000e-02 3.774170e-01
5.600000e-02 3.727343e-01
5.500000e-02 3.679946e-01
5.400000e-02 3.631971e-01
5.300000e-02 3.583414e-01
5.200000e-02 3.534268e-01
5.100000e-02 3.484528e-01
5.000000e-02 3.434187e-01
4.900000e-02 3.383240e-01
4.800000e-02 3.331680e-01
4.700000e-02 3.279501e-01
4.600000e-02 3.226697e-01
4.500000e-02 3.173262e-01
4.400000e-02 3.119190e-01
4.300000e-02 3.064473e-01
4.200000e-02 3.009106e-01
4.100000e-02 2.953081e-01
4.000000e-02 2.896393e-01
3.900000e-02 2.839035e-01
3.800000e-02 2.781000e-01
3.700000e-02 2.722281e-01
3.600000e-02 2.662871e-01
3.500000e-02 2.602763e-01
3.400000e-02 2.541951e-01
3.300000e-02 2.480427e-01
3.200000e-02 2.418184e-01
3.100000e-02 2.355215e-01
3.000000e-02 2.291512e-01
2.900000e-02 2.227069e-01
2.800000e-02 2.161877e-01
2.700000e-02 2.095930e-01
2.600000e-02 2.029219e-01
2.500000e-02 1.961737e-01
2.400000e-02 1.893476e-01
2.300000e-02 1.824429e-01
2.200000e-02 1.754587e-01
2.100000e-02 1.683943e-01
2.000000e-02 1.612488e-01
1.900000e-02 1.540214e-01
1.800000e-02 1.467114e-01
1.700000e-02 1.393178e-01
1.600000e-02 1.318398e-01
1.500000e-02 1.242767e-01
1.400000e-02 1.166274e-01
1.300000e-02 1.088912e-01
1.200000e-02 1.010673e-01
1.100000e-02 9.315458e-02
1.000000e-02 8.515232e-02
9.000000e-03 7.705958e-02
8.000000e-03 6.887544e-02
7.000000e-03 6.059899e-02
6.000000e-03 5.222930e-02
5.000000e-03 4.376544e-02
4.000000e-03 3.520645e-02
3.000000e-03 2.655138e-02
2.000000e-03 1.779927e-02
1.000000e-03 8.949137e-03
-6.599200e-16 0
