1.000000e+00 0
9.900000e-01 9.985428e-03
9.800000e-01 1.997138e-02
9.700000e-01 2.995678e-02
9.600000e-01 3.994157e-02
9.500000e-01 4.992568e-02
9.400000e-01 5.990904e-02
9.300000e-01 6.989158e-02
9.200000e-01 7.987320e-02
9.100000e-01 8.985381e-02
9.000000e-01 9.983330e-02
8.900000e-01 1.098116e-01
8.800000e-01 1.197885e-01
8.700000e-01 1.297638e-01
8.600000e-01 1.397376e-01
8.500000e-01 1.497094e-01
8.400000e-01 1.596793e-01
8.300000e-01 1.696469e-01
8.200000e-01 1.796120e-01
8.100000e-01 1.895744e-01
8.000000e-01 1.995337e-01
7.900000e-01 2.094897e-01
7.800000e-01 2.194419e-01
7.700000e-01 2.293901e-01
7.600000e-01 2.393338e-01
7.500000e-01 2.492724e-01
7.400000e-01 2.592055e-01
7.300000e-01 2.691325e-01
7.200000e-01 2.790527e-01
7.100000e-01 2.889655e-01
7.000000e-01 2.988700e-01
6.900000e-01 3.087654e-01
6.800000e-01 3.186508e-01
6.700000e-01 3.285250e-01
6.600000e-01 3.383868e-01
6.500000e-01 3.482351e-01
6.400000e-01 3.580683e-01
6.300000e-01 3.678850e-01
6.200000e-01 3.776832e-01
6.100000e-01 3.874612e-01
6.000000e-01 3.972167e-01
5.900000e-01 4.069475e-01
5.800000e-01 4.166509e-01
5.700000e-01 4.263239e-01
5.600000e-01 4.359636e-01
5.500000e-01 4.455662e-01
5.400000e-01 4.551280e-01
5.300000e-01 4.646446e-01
5.200000e-01 4.741113e-01
5.100000e-01 4.835228e-01
5.000000e-01 4.928734e-01
4.900000e-01 5.021566e-01
4.800000e-01 5.113653e-01
4.700000e-01 5.204917e-01
4.600000e-01 5.295272e-01
4.500000e-01 5.384621e-01
4.400000e-01 5.472860e-01
4.300000e-01 5.559870e-01
4.200000e-01 5.645524e-01
4.100000e-01 5.729679e-01
4.000000e-01 5.812176e-01
3.900000e-01 5.892842e-01
3.800000e-01 5.971483e-01
3.700000e-01 6.047887e-01
3.600000e-01 6.121819e-01
3.500000e-01 6.193019e-01
3.400000e-01 6.261199e-01
3.300000e-01 6.326041e-01
3.200000e-01 6.387196e-01
3.100000e-01 6.444274e-01
3.000000e-01 6.496847e-01
2.900000e-01 6.544441e-01
2.800000e-01 6.586533e-01
2.700000e-01 6.622544e-01
2.600000e-01 6.651835e-01
2.500000e-01 6.673698e-01
2.400000e-01 6.687352e-01
2.300000e-01 6.691935e-01
2.200000e-01 6.686492e-01
2.100000e-01 6.669969e-01
2.000000e-01 6.641200e-01
1.900000e-01 6.598897e-01
1.800000e-01 6.541638e-01
1.700000e-01 6.467849e-01
1.600000e-01 6.375791e-01
1.500000e-01 6.263544e-01
1.400000e-01 6.128983e-01
1.300000e-01 5.969763e-01
1.200000e-01 5.783290e-01
1.100000e-01 5.566698e-01
1.000000e-01 5.316818e-01
9.000000e-02 5.030150e-01
8.000000e-02 4.702826e-01
7.000000e-02 4.330568e-01
6.000000e-02 3.908652e-01
5.000000e-02 3.431855e-01
4.000000e-02 2.894404e-01
3.000000e-02 2.289922e-01
2.000000e-02 1.611358e-01
1.000000e-02 8.509209e-02
0.000000e+00 0
