0.546947 0.03991 
0.50384 0.491214 
0.622091 0.489235 
0.45916 0.453405 
0.48153 0.444478 
0.513348 0.538082 
0.378165 0.355024 
0.506823 0.559389 
0.0431533 0.481046 
0.516374 0.527746 
0.405089 0.40242 
0.647776 0.0360935 
0.471031 0.464904 
0.504814 0.506757 
0.506135 0.525889 
0.508801 0.493708 
0.389412 0.398439 
0.501218 0.464251 
0.4888 0.499638 
0.576186 0.501717 
0.532423 0.506667 
0.497289 0.573165 
0.433296 0.452061 
0.481028 0.497277 
0.510458 0.499136 
0.52127 0.490569 
0.4943 0.492407 
0.4557 0.456052 
0.453182 0.494159 
0.568343 0.034526 
0.437303 0.425216 
0.374013 0.326539 
0.523998 0.521352 
0.527344 0.036664 
0.544754 0.033793 
0.506823 0.576399 
0.496833 0.473284 
0.454015 0.500499 
0.468788 0.441907 
0.463047 0.517362 
0.517545 0.0353732 
0.491557 0.539601 
0.519819 0.456906 
0.508976 0.506694 
0.541912 0.426752 
0.538942 0.527855 
0.623623 0.482935 
0.518418 0.539729 
0.504201 0.492231 
0.554985 0.513696 
