0.0204401 0.0208324 
0.012778 0.0131795 
0.0130854 0.00992457 
0.00985681 0.0108068 
0.0120453 0.01221 
0.0117741 0.0129484 
0.0137578 0.0130109 
0.0143472 0.0146381 
0.0112445 0.0117509 
0.0131759 0.0161336 
0.0118192 0.014753 
0.0129303 0.013705 
0.0098809 0.0128474 
0.0117208 0.0114132 
0.0158512 0.0259935 
0.0105175 0.0136643 
0.010941 0.0122857 
0.0113445 0.0114155 
0.0107512 0.0130689 
0.0109288 0.0129686 
0.013164 0.0123764 
0.0107964 0.0142798 
0.0116163 0.0128999 
0.0166221 0.0178519 
0.0116406 0.0135366 
0.0116723 0.0120126 
0.0103734 0.0123449 
0.0130979 0.0123617 
0.0121825 0.0141446 
0.0108891 0.0129928 
0.0109381 0.0108068 
0.0125826 0.0125256 
0.0122855 0.0129991 
0.0111687 0.0139469 
0.0122576 0.0133686 
0.0126608 0.0152447 
0.0119258 0.0117229 
0.0109957 0.0121092 
0.0102723 0.0126026 
0.0101693 0.0130444 
0.0116434 0.0115926 
0.0109568 0.0120585 
0.0114358 0.0117182 
0.011235 0.0124395 
0.0557037 0.0149112 
0.0116037 0.019586 
0.0136575 0.0133613 
0.011627 0.0162285 
0.0110398 0.0129836 
0.0131524 0.0117045 
