0.00695864 0.00650084 
0.00670518 0.00651692 
0.00811757 0.0192249 
0.00677809 0.00692724 
0.00668914 0.00818532 
0.00684395 0.00695462 
0.00653873 0.00574282 
0.00621651 0.0101358 
0.00800133 0.0117294 
0.00676119 0.00666923 
0.00585766 0.00634896 
0.00593365 0.00586 
0.00581779 0.00698438 
0.00440719 0.00472872 
0.00491487 0.00493805 
0.00693701 0.00722196 
0.00690888 0.00860582 
0.00668886 0.0064656 
0.00619077 0.00703756 
0.00696166 0.00747491 
0.00540969 0.00648541 
0.00727626 0.00657158 
0.00690846 0.00723441 
0.00650575 0.00678811 
0.00665812 0.00704452 
0.0057046 0.0061942 
0.00637493 0.0062491 
0.00623446 0.00636135 
0.00892278 0.00888975 
0.00596355 0.0071178 
0.00719213 0.00854805 
0.006724 0.00682375 
0.00581919 0.00596764 
0.00591365 0.00591955 
0.00675847 0.00652811 
0.00658884 0.00648096 
0.00682235 0.0100264 
0.00672884 0.00667124 
0.0058894 0.00638536 
0.00698984 0.00594925 
0.00702365 0.0067303 
0.00604127 0.00568949 
0.00662556 0.0067425 
0.00692702 0.00827359 
0.00708757 0.00653558 
0.0077652 0.00850391 
0.00697063 0.00674552 
0.00684794 0.00686261 
0.00682704 0.00676095 
0.00701523 0.00704593 
