0.00584068 0.00616371 
0.00592031 0.00756981 
0.00523449 0.00721856 
0.00582527 0.00750211 
0.00826448 0.00802181 
0.00774412 0.00688901 
0.00625409 0.00676347 
0.00680974 0.00590492 
0.0056508 0.0064497 
0.0066593 0.00651383 
0.00719288 0.00608941 
0.00682269 0.00758171 
0.00642877 0.00816913 
0.00549233 0.00540198 
0.00720232 0.00629343 
0.00724247 0.00671346 
0.00867494 0.00945678 
0.00588841 0.00626155 
0.00576379 0.00533351 
0.00630497 0.00472529 
0.0054357 0.00576561 
0.00571457 0.00573971 
0.00648927 0.0112277 
0.00589659 0.00630153 
0.00673599 0.0080861 
0.00630931 0.00769908 
0.00665159 0.0067762 
0.00745627 0.0084224 
0.00562829 0.00826477 
0.00680355 0.00786162 
0.00673933 0.00690482 
0.00601276 0.00591536 
0.00550966 0.00962979 
0.00661475 0.00628367 
0.00686478 0.0070715 
0.00559959 0.0066186 
0.00661484 0.00686677 
0.0082606 0.0080091 
0.0073845 0.00657235 
0.00668423 0.00695298 
0.00619383 0.0088373 
0.00693002 0.00637751 
0.00673153 0.00617985 
0.00965631 0.00901582 
0.00539738 0.00671156 
0.00587895 0.00502239 
0.00729159 0.00699247 
0.00618631 0.00854433 
0.0066687 0.0057922 
0.00516629 0.00596419 
