0.0544173 0.0527345 
0.0621414 0.0540938 
0.0450799 0.0523186 
0.0532484 0.058818 
0.0534831 0.0606481 
0.0579816 0.0628393 
0.0681063 0.058025 
0.0528369 0.0508737 
0.0396992 0.0441307 
0.0622943 0.0638296 
0.0530708 0.0595166 
0.0537975 0.0642818 
0.0606075 0.0648924 
0.0838066 0.0638123 
0.0392779 0.0706466 
0.0587856 0.0622918 
0.061604 0.0684468 
0.0712417 0.066738 
0.0560845 0.0545748 
0.0608496 0.0552223 
0.0429723 0.0365387 
0.0448701 0.0576213 
0.0588836 0.0577231 
0.0614577 0.0759152 
0.0575325 0.062179 
0.0561656 0.051489 
0.0656277 0.0634092 
0.0600475 0.0568828 
0.0606917 0.0622845 
0.0630035 0.055726 
0.0608396 0.0686637 
0.0589883 0.0591399 
0.0719789 0.063893 
0.0578691 0.0619539 
0.0483871 0.0511841 
0.0668114 0.076198 
0.0544429 0.0535824 
0.0489278 0.0489907 
0.0679592 0.0663885 
0.0509162 0.0672523 
0.0548087 0.0701924 
0.0582157 0.0585906 
0.0522583 0.0523397 
0.0581211 0.054866 
0.0436149 0.0502332 
0.0608493 0.0697321 
0.0670168 0.0691493 
0.0521549 0.0601051 
0.054971 0.0559023 
0.0616551 0.0631106 
